(20, 39), (5, 48), (252, 249), (244, 200), (205, 150), (176, 126), (251, 132)
(36, 41), (38, 82), (139, 243), (157, 161), (147, 142), (142, 58), (219, 13)
(47, 138), (52, 158), (239, 229), (190, 172), (103, 146), (121, 134), (158, 66)
(30, 165), (49, 181), (226, 218), (212, 198), (165, 182), (144, 153), (184, 38)
(239, 44), (223, 19), (12, 151), (99, 144), (100, 170), (206, 96), (225, 236)
(28, 4), (2, 24), (225, 252), (217, 188), (223, 129), (139, 58), (250, 57)
(37, 2), (6, 30), (132, 254), (143, 192), (106, 91), (195, 109), (250, 71)
(2, 11), (1, 68), (201, 254), (191, 190), (172, 143), (220, 38), (254, 3)
(89, 178), (129, 182), (240, 115), (144, 141), (123, 113), (95, 132), (8, 74)
(7, 8), (11, 53), (228, 248), (213, 197), (219, 126), (205, 99), (249, 16)
(57, 111), (27, 156), (175, 205), (144, 173), (152, 150), (150, 101), (229, 51)
(140, 44), (16, 49), (51, 211), (85, 175), (122, 153), (192, 133), (239, 130)
(32, 78), (66, 139), (199, 223), (185, 169), (147, 125), (93, 92), (226, 32)
(31, 230), (120, 228), (224, 206), (180, 157), (145, 160), (87, 142), (101, 25)
(245, 70), (168, 35), (11, 139), (78, 158), (154, 134), (181, 154), (165, 221)
(241, 12), (107, 33), (5, 97), (66, 102), (79, 127), (219, 71), (246, 244)
(46, 8), (23, 129), (121, 247), (119, 144), (136, 130), (99, 60), (232, 112)
(63, 28), (52, 81), (61, 201), (81, 177), (86, 127), (142, 157), (204, 227)
(222, 110), (209, 78), (33, 51), (87, 75), (94, 121), (184, 145), (146, 205)
(225, 85), (139, 101), (31, 169), (98, 147), (142, 155), (176, 136), (164, 170)
(13, 65), (111, 185), (222, 254), (160, 168), (193, 144), (192, 37), (243, 1)
(239, 53), (147, 46), (16, 93), (94, 86), (154, 142), (206, 176), (207, 210)
(254, 95), (134, 25), (3, 62), (39, 76), (122, 153), (150, 195), (130, 231)
(234, 201), (249, 174), (7, 18), (97, 140), (200, 196), (156, 205), (145, 238)
(17, 58), (29, 119), (223, 242), (179, 168), (114, 107), (213, 122), (238, 11)
(180, 225), (185, 193), (70, 34), (99, 125), (134, 179), (93, 156), (79, 178)
(240, 22), (136, 37), (6, 234), (92, 165), (113, 174), (99, 203), (249, 175)
(228, 138), (232, 99), (24, 95), (89, 114), (105, 128), (35, 135), (26, 160)
(96, 210), (147, 236), (215, 238), (196, 227), (145, 167), (153, 146), (110, 17)
(218, 249), (229, 176), (201, 7), (182, 33), (186, 177), (167, 186), (27, 90)
(18, 29), (190, 247), (247, 235), (202, 179), (166, 113), (71, 52), (163, 9)
(255, 186), (212, 25), (8, 127), (87, 159), (168, 178), (173, 210), (134, 231)
(17, 206), (150, 233), (239, 209), (175, 178), (90, 83), (68, 91), (83, 23)
(171, 215), (225, 101), (173, 41), (167, 108), (117, 135), (95, 156), (30, 150)
(250, 6), (5, 9), (43, 149), (100, 138), (163, 141), (228, 158), (240, 250)
(24, 200), (91, 240), (219, 253), (146, 209), (82, 195), (206, 110), (231, 7)
(249, 87), (135, 19), (5, 156), (75, 166), (173, 138), (132, 195), (165, 237)
(204, 85), (92, 15), (51, 206), (118, 168), (166, 157), (149, 220), (179, 240)
(221, 149), (109, 7), (35, 5), (60, 33), (108, 151), (86, 177), (88, 250)
(144, 219), (218, 152), (254, 83), (206, 121), (111, 145), (71, 93), (7, 41)
(35, 177), (135, 183), (221, 172), (125, 162), (73, 139), (54, 115), (42, 72)
(32, 219), (110, 244), (223, 231), (130, 210), (152, 190), (57, 167), (45, 12)
(49, 8), (0, 245), (79, 248), (80, 203), (101, 202), (187, 107), (227, 100)
(24, 152), (131, 230), (215, 219), (151, 169), (129, 161), (168, 157), (106, 25)
(140, 240), (232, 238), (201, 15), (148, 172), (128, 179), (91, 105), (24, 142)
(95, 16), (41, 238), (78, 240), (104, 177), (139, 130), (151, 95), (215, 88)
(45, 178), (172, 247), (233, 239), (167, 208), (150, 164), (125, 127), (187, 9)
(47, 45), (21, 201), (134, 232), (110, 156), (108, 108), (167, 145), (234, 79)
(65, 7), (10, 242), (136, 248), (129, 193), (141, 144), (167, 160), (246, 162)
(151, 248), (250, 41), (123, 47), (34, 7), (37, 98), (84, 192), (6, 172)
(43, 159), (119, 200), (130, 173), (226, 130), (129, 134), (44, 110), (29, 64)
(207, 5), (7, 40), (79, 180), (83, 250), (155, 158), (213, 123), (233, 163)
(208, 38), (26, 63), (50, 171), (40, 218), (133, 142), (205, 137), (236, 181)
(20, 3), (167, 253), (201, 172), (235, 151), (161, 53), (104, 20), (198, 7)
(251, 29), (7, 186), (42, 198), (76, 227), (151, 183), (223, 157), (238, 206)
(132, 196), (193, 106), (155, 99), (103, 63), (109, 148), (84, 125), (62, 149)
(68, 224), (202, 240), (222, 87), (253, 25), (71, 188), (59, 147), (1, 135)
(198, 224), (146, 8), (100, 26), (57, 17), (158, 221), (129, 228), (96, 248)
(122, 254), (186, 249), (190, 188), (149, 219), (244, 6), (82, 92), (11, 11)
(17, 150), (22, 184), (88, 245), (238, 252), (200, 208), (148, 175), (187, 3)
(239, 92), (236, 53), (155, 56), (15, 139), (87, 151), (108, 171), (122, 202)
(47, 65), (24, 94), (104, 172), (232, 218), (193, 154), (129, 99), (175, 38)
(244, 87), (250, 50), (38, 36), (81, 235), (145, 191), (177, 179), (178, 204)
(164, 238), (195, 225), (187, 112), (37, 18), (94, 151), (48, 143), (31, 201)
(35, 192), (62, 191), (237, 75), (210, 64), (100, 119), (52, 159), (19, 124)
(97, 217), (117, 231), (239, 174), (232, 25), (143, 132), (122, 134), (23, 58)
(116, 174), (145, 176), (173, 154), (204, 111), (137, 146), (112, 105), (52, 79)
(54, 47), (38, 81), (89, 206), (127, 208), (105, 119), (144, 117), (217, 62)
(47, 139), (61, 169), (159, 166), (164, 145), (210, 107), (119, 110), (58, 88)
(139, 62), (102, 80), (16, 194), (142, 149), (167, 172), (162, 123), (240, 65)
(166, 51), (2, 28), (102, 254), (181, 213), (229, 204), (223, 162), (253, 157)
(71, 169), (107, 221), (250, 145), (146, 103), (143, 35), (96, 97), (51, 44)
(194, 135), (198, 110), (58, 78), (97, 113), (61, 138), (114, 151), (111, 178)
(66, 240), (219, 176), (209, 16), (92, 29), (67, 170), (51, 202), (17, 188)
(35, 143), (163, 178), (230, 182), (124, 117), (75, 73), (38, 119), (26, 102)
(88, 196), (153, 192), (233, 157), (152, 145), (112, 60), (81, 154), (15, 64)
(8, 104), (110, 187), (220, 241), (205, 193), (96, 130), (248, 15), (52, 52)
(11, 89), (41, 167), (185, 231), (159, 174), (113, 128), (245, 123), (188, 25)
(23, 32), (93, 194), (135, 224), (141, 179), (195, 122), (236, 113), (202, 68)
(48, 8), (25, 105), (91, 246), (98, 167), (141, 152), (230, 221), (226, 64)
(2, 153), (12, 240), (146, 182), (127, 116), (107, 110), (244, 23), (125, 16)
(14, 237), (242, 229), (211, 159), (179, 126), (138, 119), (95, 141), (171, 18)
(97, 230), (233, 183), (165, 142), (118, 129), (105, 162), (86, 178), (22, 26)
(229, 228), (253, 19), (152, 108), (144, 124), (164, 171), (151, 208), (16, 209)
(251, 220), (179, 2), (100, 123), (137, 168), (161, 185), (164, 219), (4, 246)
(176, 246), (241, 90), (156, 66), (155, 107), (144, 129), (118, 147), (14, 10)
(254, 94), (1, 56), (16, 75), (50, 89), (206, 98), (173, 110), (32, 199)
(134, 236), (235, 155), (192, 136), (163, 144), (137, 182), (111, 177), (18, 20)
(228, 174), (98, 56), (74, 120), (93, 138), (151, 164), (99, 166), (27, 192)
(0, 20), (59, 225), (128, 205), (119, 166), (93, 123), (130, 137), (237, 217)
(12, 239), (244, 146), (164, 101), (117, 136), (57, 165), (61, 141), (46, 16)
(16, 14), (23, 242), (111, 172), (106, 150), (115, 110), (136, 96), (239, 129)
(158, 240), (243, 15), (179, 64), (139, 173), (123, 148), (135, 210), (13, 111)
(216, 8), (37, 46), (153, 183), (177, 137), (174, 182), (197, 131), (193, 249)
(241, 213), (18, 3), (23, 98), (83, 141), (73, 144), (134, 221), (14, 246)
(248, 176), (8, 18), (26, 70), (166, 167), (195, 177), (112, 192), (58, 238)
(7, 159), (248, 255), (228, 228), (68, 160), (25, 150), (74, 86), (124, 1)
(219, 61), (36, 112), (92, 132), (148, 122), (177, 107), (180, 140), (170, 194)
(7, 216), (249, 247), (224, 194), (81, 203), (38, 199), (150, 107), (196, 9)
(118, 235), (254, 18), (180, 70), (150, 122), (100, 184), (61, 172), (5, 173)
(10, 46), (181, 252), (180, 190), (161, 163), (129, 80), (148, 49), (246, 4)
(39, 233), (243, 38), (160, 50), (67, 175), (84, 114), (64, 148), (12, 22)
(136, 206), (251, 80), (208, 95), (157, 158), (161, 124), (129, 163), (4, 50)
(11, 139), (155, 227), (154, 206), (97, 151), (104, 122), (86, 113), (245, 29)
(11, 13), (70, 243), (112, 182), (82, 122), (106, 147), (111, 111), (244, 24)
(196, 27), (26, 164), (110, 184), (145, 132), (138, 162), (183, 147), (230, 228)
(246, 44), (10, 7), (96, 146), (132, 129), (143, 160), (167, 177), (145, 249)
(3, 3), (197, 253), (206, 143), (66, 26), (128, 31), (192, 24), (252, 5)
(68, 242), (238, 72), (168, 61), (83, 187), (76, 92), (55, 79), (17, 13)
(255, 36), (9, 24), (30, 35), (184, 42), (162, 52), (186, 65), (35, 231)
(249, 212), (7, 5), (24, 53), (201, 185), (168, 192), (109, 189), (39, 250)
(12, 210), (202, 249), (189, 173), (168, 171), (173, 151), (167, 103), (243, 40)
(195, 225), (236, 30), (181, 76), (182, 176), (164, 185), (123, 151), (19, 133)
(136, 232), (246, 23), (178, 69), (143, 156), (106, 182), (73, 159), (10, 133)
(100, 14), (47, 242), (82, 228), (92, 201), (150, 168), (163, 169), (210, 210)
(254, 139), (1, 12), (85, 87), (81, 123), (228, 143), (204, 158), (141, 244)
(232, 239), (229, 5), (160, 87), (123, 68), (161, 152), (132, 159), (10, 102)
(255, 40), (1, 112), (57, 122), (89, 136), (229, 61), (214, 91), (187, 216)
(183, 255), (226, 45), (186, 64), (125, 138), (127, 158), (60, 74), (29, 59)
(3, 45), (12, 210), (91, 162), (52, 100), (45, 73), (192, 132), (253, 128)
(144, 211), (240, 95), (161, 109), (145, 164), (125, 82), (124, 128), (18, 48)
(24, 63), (231, 231), (200, 179), (126, 121), (221, 156), (102, 75), (230, 25)
(244, 72), (4, 111), (56, 117), (195, 94), (126, 139), (185, 113), (202, 183)
(223, 244), (254, 47), (229, 62), (211, 118), (131, 54), (163, 148), (0, 0)
(134, 235), (248, 21), (180, 60), (149, 149), (143, 108), (71, 98), (8, 72)
(250, 184), (5, 29), (23, 67), (111, 127), (130, 167), (34, 181), (12, 226)
(195, 14), (28, 241), (102, 182), (158, 104), (144, 193), (196, 139), (227, 186)
(16, 3), (24, 253), (37, 113), (78, 177), (92, 123), (76, 46), (240, 77)
(11, 144), (164, 232), (87, 166), (165, 168), (134, 149), (105, 117), (244, 24)
(10, 6), (154, 249), (142, 171), (173, 172), (166, 149), (179, 103), (246, 9)
(10, 126), (22, 165), (90, 186), (161, 171), (245, 124), (94, 106), (19, 68)
(206, 159), (214, 127), (176, 49), (42, 144), (47, 175), (129, 178), (149, 206)
(214, 201), (228, 183), (153, 54), (40, 87), (126, 157), (24, 153), (139, 197)
(121, 204), (175, 196), (216, 82), (189, 51), (127, 135), (44, 96), (36, 140)
(13, 125), (63, 195), (143, 217), (243, 153), (229, 80), (160, 40), (69, 59)